model=GPXImport v1.0
x=1193.9978782469407
y=4061.793853408657
duration=3536
nn=1
