model=GPXImport v1.0
x=5256.45950593258
y=14777.725323544815
duration=3581
nn=1
