model=GPXImport v1.0
x=5379.855907303805
y=13247.426669904962
duration=3599
nn=1
