model=GPXImport v1.0
x=16695.930326457543
y=20249.73179368768
duration=3581
nn=1
