model=GPXImport v1.0
x=10372.15636295831
y=13625.841304409318
duration=3585
nn=1
