model=GPXImport v1.0
x=2008.7198469565483
y=2240.253685885109
duration=3546
nn=1
