model=GPXImport v1.0
x=5087.620243338868
y=5703.751731889322
duration=3554
nn=1
