model=GPXImport v1.0
x=20304.72901558352
y=23058.830815329216
duration=3554
nn=1
