model=GPXImport v1.0
x=5722.8338559510885
y=11561.073069612496
duration=3599
nn=1
