model=GPXImport v1.0
x=2036.4112145908875
y=3287.165524647571
duration=3592
nn=1
