model=GPXImport v1.0
x=15326.2039406962
y=24830.371475275606
duration=1373
nn=1
