model=GPXImport v1.0
x=2210.0223660737392
y=1496.858379139565
duration=3576
nn=1
