model=GPXImport v1.0
x=2217.4170340455603
y=2240.6871053939685
duration=3599
nn=1
