model=GPXImport v1.0
x=5765.793804051005
y=12773.925927933306
duration=3599
nn=1
