minlon= -72.653192
minlat= 42.249344
maxlon= -72.458588
maxlat= 42.468799
